# This file may be used to create an environment using:
# $ conda create --name <env> --file <this file>
# platform: win-64
blinker=1.8.2=pyhd8ed1ab_0
bzip2=1.0.8=h2466b09_7
ca-certificates=2024.8.30=h56e8100_0
click=8.1.7=win_pyh7428d3b_0
colorama=0.4.6=pyhd8ed1ab_0
coverage=7.6.1=py313ha7868ed_1
exceptiongroup=1.2.2=pyhd8ed1ab_0
flask=3.0.3=pyhd8ed1ab_0
importlib-metadata=8.5.0=pyha770c72_0
iniconfig=2.0.0=pyhd8ed1ab_0
itsdangerous=2.2.0=pyhd8ed1ab_0
jinja2=3.1.4=pyhd8ed1ab_0
libexpat=2.6.3=he0c23c2_0
libffi=3.4.2=h8ffe710_5
libmpdec=4.0.0=h2466b09_0
libsqlite=3.46.1=h2466b09_0
libzlib=1.3.1=h2466b09_2
markupsafe=3.0.1=py313ha7868ed_0
openssl=3.3.2=h2466b09_0
packaging=24.1=pyhd8ed1ab_0
pip=24.2=pyh145f28c_1
pluggy=1.5.0=pyhd8ed1ab_0
pytest=8.3.3=pyhd8ed1ab_0
pytest-cov=5.0.0=pyhd8ed1ab_0
python=3.13.0=hf5aa216_100_cp313
python_abi=3.13=5_cp313
tk=8.6.13=h5226925_1
toml=0.10.2=pyhd8ed1ab_0
tomli=2.0.2=pyhd8ed1ab_0
tzdata=2024b=hc8b5060_0
ucrt=10.0.22621.0=h57928b3_1
vc=14.3=ha32ba9b_22
vc14_runtime=14.40.33810=hcc2c482_22
vs2015_runtime=14.40.33810=h3bf8584_22
werkzeug=3.0.4=pyhd8ed1ab_0
xz=5.2.6=h8d14728_0
zipp=3.20.2=pyhd8ed1ab_0
